cell	mc	fail_umi_filter	fail_fc_filter	fail_tf_filter
H13_4_ACME_10x_10kc_AAACGAATCACCATAG-1	105	FALSE	FALSE	TRUE
H13_4_ACME_10x_10kc_AAAGGGCCAGACGCTC-1	239	TRUE	FALSE	FALSE
H13_4_ACME_10x_10kc_AACAACCCAATGGGTG-1	105	FALSE	FALSE	TRUE
H13_4_ACME_10x_10kc_AACGGGACACTGTGAT-1	105	FALSE	FALSE	TRUE
H13_4_ACME_10x_10kc_AAGATAGCAACACAAA-1	105	FALSE	FALSE	TRUE
H13_4_ACME_10x_10kc_AAGTGAAAGGTCTTTG-1	241	TRUE	FALSE	FALSE
H13_4_ACME_10x_10kc_AATGAAGGTCATAACC-1	105	FALSE	FALSE	TRUE
H13_4_ACME_10x_10kc_ACAAGCTCAAGGGTCA-1	105	FALSE	FALSE	TRUE
H13_4_ACME_10x_10kc_ACACTGAAGCACCTGC-1	105	FALSE	FALSE	TRUE
H13_4_ACME_10x_10kc_ACAGGGACAACCAATC-1	105	FALSE	FALSE	TRUE
H13_4_ACME_10x_10kc_ACCAAACGTGTTCCAA-1	105	FALSE	FALSE	TRUE
H13_4_ACME_10x_10kc_ACCAACAAGTACGTCT-1	105	FALSE	FALSE	TRUE
H13_4_ACME_10x_10kc_ACCGTTCAGACGGAAA-1	241	TRUE	FALSE	FALSE
H13_4_ACME_10x_10kc_ACCTGTCGTAATCAGA-1	13	TRUE	FALSE	FALSE
H13_4_ACME_10x_10kc_ACTATGGGTACCGTGC-1	105	FALSE	FALSE	TRUE
H13_4_ACME_10x_10kc_ACTGTCCGTGTTTGCA-1	105	FALSE	FALSE	TRUE
H13_4_ACME_10x_10kc_ACTTCGCTCCTTTAGT-1	239	TRUE	FALSE	FALSE
H13_4_ACME_10x_10kc_AGACAGGCAGGTGTTT-1	105	FALSE	FALSE	TRUE
H13_4_ACME_10x_10kc_AGAGAATTCATTGAGC-1	105	FALSE	FALSE	TRUE
H13_4_ACME_10x_10kc_AGATCGTTCTCGTTTA-1	105	FALSE	FALSE	TRUE
H13_4_ACME_10x_10kc_AGATGAACAGAATTCC-1	241	TRUE	FALSE	FALSE
H13_4_ACME_10x_10kc_AGCTTCCAGTGATCGG-1	105	FALSE	FALSE	TRUE
H13_4_ACME_10x_10kc_AGGACTTAGCCTTGAT-1	105	FALSE	FALSE	TRUE
H13_4_ACME_10x_10kc_AGTAGCTCATAGGTTC-1	105	FALSE	FALSE	TRUE
H13_4_ACME_10x_10kc_ATACCGATCACAATGC-1	13	TRUE	FALSE	FALSE
H13_4_ACME_10x_10kc_ATACCTTGTTGGGCCT-1	105	FALSE	FALSE	TRUE
H13_4_ACME_10x_10kc_ATATCCTTCGAAGCAG-1	105	FALSE	FALSE	TRUE
H13_4_ACME_10x_10kc_ATCACAGGTGCGACAA-1	105	FALSE	FALSE	TRUE
H13_4_ACME_10x_10kc_ATCCCTGTCGAGAGAC-1	105	FALSE	FALSE	TRUE
H13_4_ACME_10x_10kc_ATGCCTCAGCTATCCA-1	105	FALSE	FALSE	TRUE
H13_4_ACME_10x_10kc_ATGCGATAGCGGGTTA-1	239	TRUE	FALSE	FALSE
H13_4_ACME_10x_10kc_ATGTCTTTCCAACCGG-1	105	FALSE	FALSE	TRUE
H13_4_ACME_10x_10kc_CAACAACTCACAACCA-1	105	FALSE	FALSE	TRUE
H13_4_ACME_10x_10kc_CAACCAAAGAAGGGAT-1	105	FALSE	FALSE	TRUE
H13_4_ACME_10x_10kc_CAAGGGACAGGTTCAT-1	241	TRUE	FALSE	FALSE
H13_4_ACME_10x_10kc_CAATCGAGTAGCACGA-1	105	FALSE	FALSE	TRUE
H13_4_ACME_10x_10kc_CACAGATAGATCGGTG-1	105	FALSE	FALSE	TRUE
H13_4_ACME_10x_10kc_CACGGGTCAACCAACT-1	239	TRUE	FALSE	FALSE
H13_4_ACME_10x_10kc_CACGTTCGTACCATAC-1	105	FALSE	FALSE	TRUE
H13_4_ACME_10x_10kc_CAGATACCATCAGCGC-1	105	FALSE	FALSE	TRUE
H13_4_ACME_10x_10kc_CAGCAATTCGTAACTG-1	105	FALSE	FALSE	TRUE
H13_4_ACME_10x_10kc_CAGGGCTGTCCCTGTT-1	105	FALSE	FALSE	TRUE
H13_4_ACME_10x_10kc_CAGTGCGAGGTTATAG-1	105	FALSE	FALSE	TRUE
H13_4_ACME_10x_10kc_CATCCACAGGACGGAG-1	105	FALSE	FALSE	TRUE
H13_4_ACME_10x_10kc_CATCGTCCACCACATA-1	105	FALSE	FALSE	TRUE
H13_4_ACME_10x_10kc_CATGCGGTCCCGTGAG-1	105	FALSE	FALSE	TRUE
H13_4_ACME_10x_10kc_CCGAACGTCAAACCCA-1	105	FALSE	FALSE	TRUE
H13_4_ACME_10x_10kc_CCGGACACACCGCTGA-1	105	FALSE	FALSE	TRUE
H13_4_ACME_10x_10kc_CCGTAGGGTACCTTCC-1	239	TRUE	FALSE	FALSE
H13_4_ACME_10x_10kc_CCTATCGCAAGAGATT-1	105	FALSE	FALSE	TRUE
H13_4_ACME_10x_10kc_CCTCACAGTTTCACAG-1	105	FALSE	FALSE	TRUE
H13_4_ACME_10x_10kc_CCTTTGGCAGGCGATA-1	105	FALSE	FALSE	TRUE
H13_4_ACME_10x_10kc_CGCAGGTAGTCATGCT-1	239	TRUE	FALSE	FALSE
H13_4_ACME_10x_10kc_CGGAACCGTAGGCTGA-1	239	TRUE	FALSE	FALSE
H13_4_ACME_10x_10kc_CGGGACTAGTGGTGAC-1	105	FALSE	FALSE	TRUE
H13_4_ACME_10x_10kc_CGGGTGTCAGTTACCA-1	105	FALSE	FALSE	TRUE
H13_4_ACME_10x_10kc_CGTCAAACATTGGCAT-1	105	FALSE	FALSE	TRUE
H13_4_ACME_10x_10kc_CGTCAAAGTAGTCCTA-1	105	FALSE	FALSE	TRUE
H13_4_ACME_10x_10kc_CTACCTGAGCGTGAAC-1	241	TRUE	FALSE	FALSE
H13_4_ACME_10x_10kc_CTCAATTTCACCTACC-1	105	FALSE	FALSE	TRUE
H13_4_ACME_10x_10kc_CTCCAACCATGTGTCA-1	105	FALSE	FALSE	TRUE
H13_4_ACME_10x_10kc_CTGCAGGAGGGCAGGA-1	105	FALSE	FALSE	TRUE
H13_4_ACME_10x_10kc_CTGCAGGGTGCGAGTA-1	105	FALSE	FALSE	TRUE
H13_4_ACME_10x_10kc_CTGCATCTCCCTATTA-1	105	FALSE	FALSE	TRUE
H13_4_ACME_10x_10kc_CTGGACGAGTTGAAGT-1	13	TRUE	FALSE	FALSE
H13_4_ACME_10x_10kc_CTTGATTGTCATCAGT-1	241	TRUE	FALSE	FALSE
H13_4_ACME_10x_10kc_GAAGGACCAGTCTACA-1	241	TRUE	FALSE	FALSE
H13_4_ACME_10x_10kc_GACAGCCCAGACCAGA-1	105	FALSE	FALSE	TRUE
H13_4_ACME_10x_10kc_GACATCATCACTGATG-1	105	FALSE	FALSE	TRUE
H13_4_ACME_10x_10kc_GACTATGTCCCAGTGG-1	105	FALSE	FALSE	TRUE
H13_4_ACME_10x_10kc_GAGATGGGTACAGTTC-1	105	FALSE	FALSE	TRUE
H13_4_ACME_10x_10kc_GAGGCCTGTGAGACCA-1	105	FALSE	FALSE	TRUE
H13_4_ACME_10x_10kc_GAGTTTGGTGGATTTC-1	105	FALSE	FALSE	TRUE
H13_4_ACME_10x_10kc_GATCGTACAGAGATGC-1	105	FALSE	FALSE	TRUE
H13_4_ACME_10x_10kc_GATCGTAGTGGTCCGT-1	105	FALSE	FALSE	TRUE
H13_4_ACME_10x_10kc_GATTCTTTCGTAACAC-1	13	TRUE	FALSE	FALSE
H13_4_ACME_10x_10kc_GCAGGCTGTCGAGTGA-1	105	FALSE	FALSE	TRUE
H13_4_ACME_10x_10kc_GCTTCACGTACTGGGA-1	105	FALSE	FALSE	TRUE
H13_4_ACME_10x_10kc_GGGTAGATCTGCCCTA-1	239	TRUE	FALSE	FALSE
H13_4_ACME_10x_10kc_GGTTGTATCAAGTGGG-1	105	FALSE	FALSE	TRUE
H13_4_ACME_10x_10kc_GTAGAGGGTTCCTAGA-1	105	FALSE	FALSE	TRUE
H13_4_ACME_10x_10kc_GTCACTCTCTCGTGGG-1	105	FALSE	FALSE	TRUE
H13_4_ACME_10x_10kc_GTCCACTCAGACACCC-1	105	FALSE	FALSE	TRUE
H13_4_ACME_10x_10kc_GTCTAGAAGTGAGTTA-1	105	FALSE	FALSE	TRUE
H13_4_ACME_10x_10kc_GTGAGGAAGTCCGCGT-1	105	FALSE	FALSE	TRUE
H13_4_ACME_10x_10kc_GTTCTATTCTATTTCG-1	105	FALSE	FALSE	TRUE
H13_4_ACME_10x_10kc_GTTGCGGTCTGCGGGT-1	105	FALSE	FALSE	TRUE
H13_4_ACME_10x_10kc_TACCTCGAGTGCACAG-1	105	FALSE	FALSE	TRUE
H13_4_ACME_10x_10kc_TACGGTAAGAATTGTG-1	105	FALSE	FALSE	TRUE
H13_4_ACME_10x_10kc_TAGGTACCACATTCTT-1	239	TRUE	FALSE	FALSE
H13_4_ACME_10x_10kc_TAGGTTGTCGTGGTAT-1	105	FALSE	FALSE	TRUE
H13_4_ACME_10x_10kc_TATCCTACACATATCG-1	105	FALSE	FALSE	TRUE
H13_4_ACME_10x_10kc_TATCTGTAGAGCAACC-1	105	FALSE	FALSE	TRUE
H13_4_ACME_10x_10kc_TATCTGTAGTTGGACG-1	105	FALSE	FALSE	TRUE
H13_4_ACME_10x_10kc_TATCTGTGTACGCTAT-1	105	FALSE	FALSE	TRUE
H13_4_ACME_10x_10kc_TCAATCTTCCGCCTAT-1	239	TRUE	FALSE	FALSE
H13_4_ACME_10x_10kc_TCACATTAGTCGAGGT-1	105	FALSE	FALSE	TRUE
H13_4_ACME_10x_10kc_TCACGCTGTGCATACT-1	105	FALSE	FALSE	TRUE
H13_4_ACME_10x_10kc_TCATCCGCACAGCTGC-1	105	FALSE	FALSE	TRUE
H13_4_ACME_10x_10kc_TCCACCATCTCCGAAA-1	105	FALSE	FALSE	TRUE
H13_4_ACME_10x_10kc_TCCACGTGTACGTAGG-1	239	TRUE	FALSE	FALSE
H13_4_ACME_10x_10kc_TCCAGAACAATCCTAG-1	105	FALSE	FALSE	TRUE
H13_4_ACME_10x_10kc_TCCATCGCAGAGTTGG-1	239	TRUE	FALSE	FALSE
H13_4_ACME_10x_10kc_TCCATGCCAGCTTTCC-1	105	FALSE	FALSE	TRUE
H13_4_ACME_10x_10kc_TCCGTGTGTAAGGAGA-1	13	TRUE	FALSE	FALSE
H13_4_ACME_10x_10kc_TCCGTGTGTCTACGTA-1	105	FALSE	FALSE	TRUE
H13_4_ACME_10x_10kc_TCCTTTCCACTTCATT-1	105	FALSE	FALSE	TRUE
H13_4_ACME_10x_10kc_TCCTTTCCATGGGAAC-1	239	TRUE	FALSE	FALSE
H13_4_ACME_10x_10kc_TCGGGCAAGAGAATCT-1	105	FALSE	FALSE	TRUE
H13_4_ACME_10x_10kc_TCTTCCTGTCCAGCCA-1	105	FALSE	FALSE	TRUE
H13_4_ACME_10x_10kc_TGAGGGAGTGCGACAA-1	105	FALSE	FALSE	TRUE
H13_4_ACME_10x_10kc_TGGGTTAAGGATGGCT-1	105	FALSE	FALSE	TRUE
H13_4_ACME_10x_10kc_TGTGGCGTCTGGGTCG-1	105	FALSE	FALSE	TRUE
H13_4_ACME_10x_10kc_TTAGGCACACAGACGA-1	105	FALSE	FALSE	TRUE
H13_4_ACME_10x_10kc_TTAGGGTAGACCATTC-1	105	FALSE	FALSE	TRUE
H13_4_ACME_10x_10kc_TTATTGCAGAGGACTC-1	105	FALSE	FALSE	TRUE
H13_4_ACME_10x_10kc_TTCACGCCATCCAACA-1	239	TRUE	FALSE	FALSE
H13_4_ACME_10x_10kc_TTCGATTCATGACAGG-1	105	FALSE	FALSE	TRUE
H13_4_ACME_10x_10kc_TTGAACGAGCTCACTA-1	105	FALSE	FALSE	TRUE
H13_4_ACME_10x_10kc_TTGGATGAGGTATTGA-1	105	FALSE	FALSE	TRUE
H13_4_ACME_10x_10kc_TTTACGTTCCATCACC-1	105	FALSE	FALSE	TRUE
H13_4_ACME_10x_10kc_TTTAGTCAGTTTCGAC-1	105	FALSE	FALSE	TRUE
H13_5_ACMEMeOH_10x_10kc_AAACGAAAGGTAGCCA-1	241	TRUE	FALSE	FALSE
H13_5_ACMEMeOH_10x_10kc_AAACGAACACCAGCCA-1	105	FALSE	FALSE	TRUE
H13_5_ACMEMeOH_10x_10kc_AAAGGGCGTTAAAGTG-1	105	FALSE	FALSE	TRUE
H13_5_ACMEMeOH_10x_10kc_AACAAAGCACTCAGAT-1	241	TRUE	FALSE	FALSE
H13_5_ACMEMeOH_10x_10kc_AACGAAATCTATTGTC-1	241	TRUE	FALSE	FALSE
H13_5_ACMEMeOH_10x_10kc_AACGGGAGTCCTTGTC-1	239	TRUE	FALSE	FALSE
H13_5_ACMEMeOH_10x_10kc_AAGCATCCAGCGAACA-1	241	TRUE	FALSE	FALSE
H13_5_ACMEMeOH_10x_10kc_AAGGAATCAACTGATC-1	239	TRUE	FALSE	FALSE
H13_5_ACMEMeOH_10x_10kc_AAGTACCCAAGAGTAT-1	241	TRUE	FALSE	FALSE
H13_5_ACMEMeOH_10x_10kc_AAGTTCGGTCTTTCTA-1	241	TRUE	FALSE	FALSE
H13_5_ACMEMeOH_10x_10kc_AAGTTCGGTGGCGCTT-1	241	TRUE	FALSE	FALSE
H13_5_ACMEMeOH_10x_10kc_AAGTTCGGTTCTGACA-1	241	TRUE	FALSE	FALSE
H13_5_ACMEMeOH_10x_10kc_ACAAAGAAGAGACAAG-1	239	TRUE	FALSE	FALSE
H13_5_ACMEMeOH_10x_10kc_ACCAAACCAATAGTGA-1	241	TRUE	FALSE	FALSE
H13_5_ACMEMeOH_10x_10kc_ACTATGGAGACGGTTG-1	241	TRUE	FALSE	FALSE
H13_5_ACMEMeOH_10x_10kc_ACTGCAATCCTCACCA-1	241	TRUE	FALSE	FALSE
H13_5_ACMEMeOH_10x_10kc_ACTGTCCTCAACACCA-1	239	TRUE	FALSE	FALSE
H13_5_ACMEMeOH_10x_10kc_ACTTAGGTCTATCGCC-1	241	TRUE	FALSE	FALSE
H13_5_ACMEMeOH_10x_10kc_ACTTATCTCCGCGAGT-1	241	TRUE	FALSE	FALSE
H13_5_ACMEMeOH_10x_10kc_AGATGAAGTGTACGCC-1	241	TRUE	FALSE	FALSE
H13_5_ACMEMeOH_10x_10kc_AGCATCAGTTCCTTGC-1	241	TRUE	FALSE	FALSE
H13_5_ACMEMeOH_10x_10kc_AGGACTTGTTCTTCAT-1	239	TRUE	FALSE	FALSE
H13_5_ACMEMeOH_10x_10kc_AGGAGGTGTCCACTCT-1	105	FALSE	FALSE	TRUE
H13_5_ACMEMeOH_10x_10kc_AGGGTCCAGTAGATCA-1	105	FALSE	FALSE	TRUE
H13_5_ACMEMeOH_10x_10kc_AGGGTCCTCCGATGTA-1	241	TRUE	FALSE	FALSE
H13_5_ACMEMeOH_10x_10kc_AGTACCAGTGCCCACA-1	241	TRUE	FALSE	FALSE
H13_5_ACMEMeOH_10x_10kc_AGTAGTCGTGTCGCTG-1	239	TRUE	FALSE	FALSE
H13_5_ACMEMeOH_10x_10kc_ATACCTTTCTCTTGCG-1	105	FALSE	FALSE	TRUE
H13_5_ACMEMeOH_10x_10kc_ATCCGTCAGAGGCTGT-1	13	TRUE	FALSE	FALSE
H13_5_ACMEMeOH_10x_10kc_ATCGTCCAGATGAATC-1	241	TRUE	FALSE	FALSE
H13_5_ACMEMeOH_10x_10kc_ATCTCTATCTTCGTGC-1	241	TRUE	FALSE	FALSE
H13_5_ACMEMeOH_10x_10kc_ATGAAAGTCAGAGTGG-1	241	TRUE	FALSE	FALSE
H13_5_ACMEMeOH_10x_10kc_ATGCCTCTCGGCTGAC-1	241	TRUE	FALSE	FALSE
H13_5_ACMEMeOH_10x_10kc_ATGCGATCATTACTCT-1	13	TRUE	FALSE	FALSE
H13_5_ACMEMeOH_10x_10kc_ATGGAGGCACAGTATC-1	241	TRUE	FALSE	FALSE
H13_5_ACMEMeOH_10x_10kc_ATGGATCCAGACAAGC-1	241	TRUE	FALSE	FALSE
H13_5_ACMEMeOH_10x_10kc_ATGGATCCAGATACTC-1	239	TRUE	FALSE	FALSE
H13_5_ACMEMeOH_10x_10kc_ATTACCTGTCACATTG-1	13	TRUE	FALSE	FALSE
H13_5_ACMEMeOH_10x_10kc_ATTACCTTCTCTTCAA-1	239	TRUE	FALSE	FALSE
H13_5_ACMEMeOH_10x_10kc_ATTATCCCAACTCCCT-1	241	TRUE	FALSE	FALSE
H13_5_ACMEMeOH_10x_10kc_ATTATCCTCCTAGCTC-1	241	TRUE	FALSE	FALSE
H13_5_ACMEMeOH_10x_10kc_ATTCCCGTCCACCCTA-1	13	TRUE	FALSE	FALSE
H13_5_ACMEMeOH_10x_10kc_CAATACGTCGGCTTCT-1	105	FALSE	FALSE	TRUE
H13_5_ACMEMeOH_10x_10kc_CACCGTTCACTATCGA-1	241	TRUE	FALSE	FALSE
H13_5_ACMEMeOH_10x_10kc_CAGAGCCGTATGCGTT-1	241	TRUE	FALSE	FALSE
H13_5_ACMEMeOH_10x_10kc_CAGATACCAGCAATTC-1	13	TRUE	FALSE	FALSE
H13_5_ACMEMeOH_10x_10kc_CAGTTAGCAGCTCATA-1	13	TRUE	FALSE	FALSE
H13_5_ACMEMeOH_10x_10kc_CATACTTCAATAGTCC-1	241	TRUE	FALSE	FALSE
H13_5_ACMEMeOH_10x_10kc_CATCAAGGTTCAAAGA-1	241	TRUE	FALSE	FALSE
H13_5_ACMEMeOH_10x_10kc_CATTCATAGGGCAGGA-1	239	TRUE	FALSE	FALSE
H13_5_ACMEMeOH_10x_10kc_CATTGAGAGTCACAGG-1	239	TRUE	FALSE	FALSE
H13_5_ACMEMeOH_10x_10kc_CCCTCTCAGTTTGAGA-1	239	TRUE	FALSE	FALSE
H13_5_ACMEMeOH_10x_10kc_CCGCAAGAGTGTTGTC-1	241	TRUE	FALSE	FALSE
H13_5_ACMEMeOH_10x_10kc_CCTCAGTCAGATCCAT-1	241	TRUE	FALSE	FALSE
H13_5_ACMEMeOH_10x_10kc_CCTCCAAGTATGGAGC-1	241	TRUE	FALSE	FALSE
H13_5_ACMEMeOH_10x_10kc_CCTCCAAGTCTAGGTT-1	105	FALSE	FALSE	TRUE
H13_5_ACMEMeOH_10x_10kc_CCTCTAGGTGAAGCTG-1	241	TRUE	FALSE	FALSE
H13_5_ACMEMeOH_10x_10kc_CGAGGCTCAGAAATCA-1	241	TRUE	FALSE	FALSE
H13_5_ACMEMeOH_10x_10kc_CGATCGGCACCGTGCA-1	105	FALSE	FALSE	TRUE
H13_5_ACMEMeOH_10x_10kc_CGGAATTGTCTACAGT-1	105	FALSE	FALSE	TRUE
H13_5_ACMEMeOH_10x_10kc_CTAACTTCAAGGTCAG-1	241	TRUE	FALSE	FALSE
H13_5_ACMEMeOH_10x_10kc_CTACAGAGTCCAAAGG-1	241	TRUE	FALSE	FALSE
H13_5_ACMEMeOH_10x_10kc_CTAGACAGTTCTCCCA-1	241	TRUE	FALSE	FALSE
H13_5_ACMEMeOH_10x_10kc_CTATCTATCTACTTCA-1	239	TRUE	FALSE	FALSE
H13_5_ACMEMeOH_10x_10kc_CTCCAACGTCATACCA-1	13	TRUE	FALSE	FALSE
H13_5_ACMEMeOH_10x_10kc_CTCCCAACAGCGAGTA-1	239	TRUE	FALSE	FALSE
H13_5_ACMEMeOH_10x_10kc_CTCCCTCAGCGAAACC-1	239	TRUE	FALSE	FALSE
H13_5_ACMEMeOH_10x_10kc_CTCCGATCAGTCGTTA-1	241	TRUE	FALSE	FALSE
H13_5_ACMEMeOH_10x_10kc_CTCTGGTCAGCCCACA-1	241	TRUE	FALSE	FALSE
H13_5_ACMEMeOH_10x_10kc_CTGGTCTCACGAGGTA-1	13	TRUE	FALSE	FALSE
H13_5_ACMEMeOH_10x_10kc_CTGGTCTCAGGCCTGT-1	241	TRUE	FALSE	FALSE
H13_5_ACMEMeOH_10x_10kc_CTTCGGTCATGACTGT-1	241	TRUE	FALSE	FALSE
H13_5_ACMEMeOH_10x_10kc_GAAATGAAGGCCCGTT-1	13	TRUE	FALSE	FALSE
H13_5_ACMEMeOH_10x_10kc_GAACTGTGTGTAACGG-1	105	FALSE	FALSE	TRUE
H13_5_ACMEMeOH_10x_10kc_GACCCTTTCTCTGACC-1	241	TRUE	FALSE	FALSE
H13_5_ACMEMeOH_10x_10kc_GACTCAAGTTATTCTC-1	241	TRUE	FALSE	FALSE
H13_5_ACMEMeOH_10x_10kc_GAGACCCAGCGATGAC-1	105	FALSE	FALSE	TRUE
H13_5_ACMEMeOH_10x_10kc_GAGTTTGAGGCGTTAG-1	241	TRUE	FALSE	FALSE
H13_5_ACMEMeOH_10x_10kc_GATCATGAGACAAGCC-1	13	TRUE	FALSE	FALSE
H13_5_ACMEMeOH_10x_10kc_GCAACATAGTCTGCGC-1	239	TRUE	FALSE	FALSE
H13_5_ACMEMeOH_10x_10kc_GCATCTCTCCAGTGCG-1	13	TRUE	FALSE	FALSE
H13_5_ACMEMeOH_10x_10kc_GCGTTTCCAGGTGGAT-1	241	TRUE	FALSE	FALSE
H13_5_ACMEMeOH_10x_10kc_GCTGGGTCACGTTCGG-1	241	TRUE	FALSE	FALSE
H13_5_ACMEMeOH_10x_10kc_GGATGTTGTAACATAG-1	241	TRUE	FALSE	FALSE
H13_5_ACMEMeOH_10x_10kc_GGGACTCAGAGAGAAC-1	241	TRUE	FALSE	FALSE
H13_5_ACMEMeOH_10x_10kc_GGGAGATCATTGCCGG-1	241	TRUE	FALSE	FALSE
H13_5_ACMEMeOH_10x_10kc_GGGATCCAGATAGGGA-1	241	TRUE	FALSE	FALSE
H13_5_ACMEMeOH_10x_10kc_GGGTGTCCACCTGATA-1	241	TRUE	FALSE	FALSE
H13_5_ACMEMeOH_10x_10kc_GGTGAAGTCGTTCAGA-1	105	FALSE	FALSE	TRUE
H13_5_ACMEMeOH_10x_10kc_GGTTCTCAGTGGAATT-1	105	FALSE	FALSE	TRUE
H13_5_ACMEMeOH_10x_10kc_GTAACCAGTAACGGTG-1	13	TRUE	FALSE	FALSE
H13_5_ACMEMeOH_10x_10kc_GTAGCTACAAGTGTCT-1	241	TRUE	FALSE	FALSE
H13_5_ACMEMeOH_10x_10kc_GTATTTCTCGTAGTGT-1	241	TRUE	FALSE	FALSE
H13_5_ACMEMeOH_10x_10kc_GTCAGCGAGCCTCAGC-1	105	FALSE	FALSE	TRUE
H13_5_ACMEMeOH_10x_10kc_GTCGCGAAGTCGGGAT-1	239	TRUE	FALSE	FALSE
H13_5_ACMEMeOH_10x_10kc_GTGCAGCGTGACACGA-1	241	TRUE	FALSE	FALSE
H13_5_ACMEMeOH_10x_10kc_GTGCTGGTCTCGGTCT-1	241	TRUE	FALSE	FALSE
H13_5_ACMEMeOH_10x_10kc_GTGTTCCGTTGTATGC-1	105	FALSE	FALSE	TRUE
H13_5_ACMEMeOH_10x_10kc_GTTAGTGCAACCACGC-1	13	TRUE	FALSE	FALSE
H13_5_ACMEMeOH_10x_10kc_GTTAGTGTCAACTGGT-1	241	TRUE	FALSE	FALSE
H13_5_ACMEMeOH_10x_10kc_GTTGTCCTCGTAGCCG-1	241	TRUE	FALSE	FALSE
H13_5_ACMEMeOH_10x_10kc_TACAGGTAGGGACAGG-1	241	TRUE	FALSE	FALSE
H13_5_ACMEMeOH_10x_10kc_TACAGGTTCTTGTTAC-1	241	TRUE	FALSE	FALSE
H13_5_ACMEMeOH_10x_10kc_TACCTGCGTCGCAGTC-1	239	TRUE	FALSE	FALSE
H13_5_ACMEMeOH_10x_10kc_TACGGGCAGGACTGGT-1	241	TRUE	FALSE	FALSE
H13_5_ACMEMeOH_10x_10kc_TAGATCGAGCACTGGA-1	13	TRUE	FALSE	FALSE
H13_5_ACMEMeOH_10x_10kc_TATATCCAGAGTGTGC-1	241	TRUE	FALSE	FALSE
H13_5_ACMEMeOH_10x_10kc_TATCAGGAGTTGAAAC-1	241	TRUE	FALSE	FALSE
H13_5_ACMEMeOH_10x_10kc_TCAAGACTCCACCTGT-1	105	FALSE	FALSE	TRUE
H13_5_ACMEMeOH_10x_10kc_TCAAGCAGTGCAAGAC-1	105	FALSE	FALSE	TRUE
H13_5_ACMEMeOH_10x_10kc_TCAAGCATCACCGCTT-1	241	TRUE	FALSE	FALSE
H13_5_ACMEMeOH_10x_10kc_TCAATTCTCAAGATAG-1	241	TRUE	FALSE	FALSE
H13_5_ACMEMeOH_10x_10kc_TCATCCGGTGCGTGCT-1	241	TRUE	FALSE	FALSE
H13_5_ACMEMeOH_10x_10kc_TCATTACTCACGATCA-1	241	TRUE	FALSE	FALSE
H13_5_ACMEMeOH_10x_10kc_TCCACCAAGCGATTCT-1	13	TRUE	FALSE	FALSE
H13_5_ACMEMeOH_10x_10kc_TCCGAAAAGTGCTCAT-1	241	TRUE	FALSE	FALSE
H13_5_ACMEMeOH_10x_10kc_TCCGTGTCACCCAACG-1	241	TRUE	FALSE	FALSE
H13_5_ACMEMeOH_10x_10kc_TCCTCCCGTGCTTCAA-1	239	TRUE	FALSE	FALSE
H13_5_ACMEMeOH_10x_10kc_TCGGTCTGTACCGGCT-1	13	TRUE	FALSE	FALSE
H13_5_ACMEMeOH_10x_10kc_TCGTAGATCTTCTGTA-1	241	TRUE	FALSE	FALSE
H13_5_ACMEMeOH_10x_10kc_TCTCACGGTCTTCGAA-1	105	FALSE	FALSE	TRUE
H13_5_ACMEMeOH_10x_10kc_TCTGTCGGTGATACCT-1	241	TRUE	FALSE	FALSE
H13_5_ACMEMeOH_10x_10kc_TCTTGCGGTTGAGTCT-1	241	TRUE	FALSE	FALSE
H13_5_ACMEMeOH_10x_10kc_TGAATGCGTCATGGCC-1	241	TRUE	FALSE	FALSE
H13_5_ACMEMeOH_10x_10kc_TGACTCCCACTGAGTT-1	105	FALSE	FALSE	TRUE
H13_5_ACMEMeOH_10x_10kc_TGAGGGAGTCCACACG-1	241	TRUE	FALSE	FALSE
H13_5_ACMEMeOH_10x_10kc_TGCATCCCAGTTGTTG-1	105	FALSE	FALSE	TRUE
H13_5_ACMEMeOH_10x_10kc_TGCATCCGTGATAGAT-1	239	TRUE	FALSE	FALSE
H13_5_ACMEMeOH_10x_10kc_TGCTCGTAGCTGAAGC-1	13	TRUE	FALSE	FALSE
H13_5_ACMEMeOH_10x_10kc_TGCTGAAGTATACCCA-1	241	TRUE	FALSE	FALSE
H13_5_ACMEMeOH_10x_10kc_TGGATGTGTTGTGGAG-1	239	TRUE	FALSE	FALSE
H13_5_ACMEMeOH_10x_10kc_TGGGAAGGTGCGAGTA-1	241	TRUE	FALSE	FALSE
H13_5_ACMEMeOH_10x_10kc_TGGGAGAAGGCATCGA-1	239	TRUE	FALSE	FALSE
H13_5_ACMEMeOH_10x_10kc_TGTAAGCGTCATTGCA-1	241	TRUE	FALSE	FALSE
H13_5_ACMEMeOH_10x_10kc_TGTCCACCAAGAATAC-1	241	TRUE	FALSE	FALSE
H13_5_ACMEMeOH_10x_10kc_TGTTGAGGTGACATCT-1	13	TRUE	FALSE	FALSE
H13_5_ACMEMeOH_10x_10kc_TTCAATCGTGTTAAAG-1	241	TRUE	FALSE	FALSE
H13_5_ACMEMeOH_10x_10kc_TTCAATCGTTGCAACT-1	239	TRUE	FALSE	FALSE
H13_5_ACMEMeOH_10x_10kc_TTCCGTGGTATCAGCT-1	241	TRUE	FALSE	FALSE
H13_5_ACMEMeOH_10x_10kc_TTCTGTACATCATTGG-1	105	FALSE	FALSE	TRUE
H13_5_ACMEMeOH_10x_10kc_TTGCATTGTTGTGGCC-1	241	TRUE	FALSE	FALSE
H13_5_ACMEMeOH_10x_10kc_TTGCGTCGTTCTCCAC-1	13	TRUE	FALSE	FALSE
H13_5_ACMEMeOH_10x_10kc_TTGCGTCTCAGTCCGG-1	105	FALSE	FALSE	TRUE
H13_5_ACMEMeOH_10x_10kc_TTGCTGCTCACTGCTC-1	13	TRUE	FALSE	FALSE
H13_5_ACMEMeOH_10x_10kc_TTGGATGAGGTATCTC-1	241	TRUE	FALSE	FALSE
H13_5_ACMEMeOH_10x_10kc_TTGTTGTGTATCCCTC-1	13	TRUE	FALSE	FALSE
H13_5_ACMEMeOH_10x_10kc_TTTACCACAAAGTGTA-1	239	TRUE	FALSE	FALSE
H13_5_ACMEMeOH_10x_10kc_TTTCGATGTACAGAGC-1	241	TRUE	FALSE	FALSE
H13_5_ACMEMeOH_10x_10kc_TTTGTTGTCCATTTGT-1	239	TRUE	FALSE	FALSE
H1H13_1_ACME_CT_10x_10kc_AAGACAACACGGGCTT-1	239	TRUE	FALSE	FALSE
H1H13_1_ACME_CT_10x_10kc_ACGTAACGTGGATACG-1	241	TRUE	FALSE	FALSE
H1H13_1_ACME_CT_10x_10kc_AGCTACAGTGAGGCAT-1	241	TRUE	FALSE	FALSE
H1H13_1_ACME_CT_10x_10kc_ATCGGCGAGAAATGGG-1	241	TRUE	FALSE	FALSE
H1H13_1_ACME_CT_10x_10kc_ATGAGGGCATACTGAC-1	241	TRUE	FALSE	FALSE
H1H13_1_ACME_CT_10x_10kc_CCGTGAGAGTCACGAG-1	241	TRUE	FALSE	FALSE
H1H13_1_ACME_CT_10x_10kc_CGCATAAGTTCAGTAC-1	241	TRUE	FALSE	FALSE
H1H13_1_ACME_CT_10x_10kc_CTCTCAGGTGGCCACT-1	239	TRUE	FALSE	FALSE
H1H13_1_ACME_CT_10x_10kc_GACTCTCGTACCGCGT-1	239	TRUE	FALSE	FALSE
H1H13_1_ACME_CT_10x_10kc_GCTCAAAGTTTCGTTT-1	239	TRUE	FALSE	FALSE
H1H13_1_ACME_CT_10x_10kc_GTAACACGTGTTAACC-1	241	TRUE	FALSE	FALSE
H1H13_1_ACME_CT_10x_10kc_GTGCGTGGTACTGCGC-1	239	TRUE	FALSE	FALSE
H1H13_1_ACME_CT_10x_10kc_GTTATGGTCATGAGTC-1	239	TRUE	FALSE	FALSE
H1H13_1_ACME_CT_10x_10kc_TCACATTCAACCTAAC-1	239	TRUE	FALSE	FALSE
H1H13_1_ACME_CT_10x_10kc_TCGACCTGTGTTTACG-1	241	TRUE	FALSE	FALSE
H1H13_1_ACME_CT_10x_10kc_TCGCTTGCAACGGGTA-1	239	TRUE	FALSE	FALSE
H1H13_1_ACME_CT_10x_10kc_TCTATCATCGTTGTGA-1	239	TRUE	FALSE	FALSE
H1H13_1_ACME_CT_10x_10kc_TGCGATACACCACTGG-1	241	TRUE	FALSE	FALSE
H1H13_1_ACME_CT_10x_10kc_TTAGGGTGTTCCTTGC-1	239	TRUE	FALSE	FALSE
Plac01_H1_H13_10XscRNAseq_10kc_AAACGAAGTCGTAATC-1	241	TRUE	FALSE	FALSE
Plac01_H1_H13_10XscRNAseq_10kc_AACAGGGAGTTATGGA-1	239	TRUE	FALSE	FALSE
Plac01_H1_H13_10XscRNAseq_10kc_ACCCAAAAGGTTCTAC-1	239	TRUE	FALSE	FALSE
Plac01_H1_H13_10XscRNAseq_10kc_ACGGTCGTCACGACTA-1	239	TRUE	FALSE	FALSE
Plac01_H1_H13_10XscRNAseq_10kc_ACTACGAGTTGGACCC-1	239	TRUE	FALSE	FALSE
Plac01_H1_H13_10XscRNAseq_10kc_ACTCTCGCAGGAGACT-1	239	TRUE	FALSE	FALSE
Plac01_H1_H13_10XscRNAseq_10kc_AGATGAAGTGTCCCTT-1	105	FALSE	FALSE	TRUE
Plac01_H1_H13_10XscRNAseq_10kc_AGCTCAAAGTAACAGT-1	241	TRUE	FALSE	FALSE
Plac01_H1_H13_10XscRNAseq_10kc_AGGTAGGAGACTGAGC-1	239	TRUE	FALSE	FALSE
Plac01_H1_H13_10XscRNAseq_10kc_AGTAGTCGTCTTCATT-1	239	TRUE	FALSE	FALSE
Plac01_H1_H13_10XscRNAseq_10kc_ATCCGTCAGAGTCAGC-1	239	TRUE	FALSE	FALSE
Plac01_H1_H13_10XscRNAseq_10kc_ATCTCTAGTACGTTCA-1	239	TRUE	FALSE	FALSE
Plac01_H1_H13_10XscRNAseq_10kc_ATTCATCAGTCAGAGC-1	239	TRUE	FALSE	FALSE
Plac01_H1_H13_10XscRNAseq_10kc_ATTTCTGTCGGAGTAG-1	239	TRUE	FALSE	FALSE
Plac01_H1_H13_10XscRNAseq_10kc_CACTGTCCACGTACAT-1	239	TRUE	FALSE	FALSE
Plac01_H1_H13_10XscRNAseq_10kc_CACTGTCCAGCATCTA-1	239	TRUE	FALSE	FALSE
Plac01_H1_H13_10XscRNAseq_10kc_CAGATTGCACGACCTG-1	239	TRUE	FALSE	FALSE
Plac01_H1_H13_10XscRNAseq_10kc_CCACACTTCAGGAGAC-1	239	TRUE	FALSE	FALSE
Plac01_H1_H13_10XscRNAseq_10kc_CGGAATTAGCGTCTCG-1	239	TRUE	FALSE	FALSE
Plac01_H1_H13_10XscRNAseq_10kc_CGGCAGTCAAAGTATG-1	239	TRUE	FALSE	FALSE
Plac01_H1_H13_10XscRNAseq_10kc_CTCACTGAGTGGTTCT-1	239	TRUE	FALSE	FALSE
Plac01_H1_H13_10XscRNAseq_10kc_CTCAGTCGTATGCAAA-1	239	TRUE	FALSE	FALSE
Plac01_H1_H13_10XscRNAseq_10kc_CTCATTAAGTGCACTT-1	239	TRUE	FALSE	FALSE
Plac01_H1_H13_10XscRNAseq_10kc_CTGAGCGTCGCTACAA-1	239	TRUE	FALSE	FALSE
Plac01_H1_H13_10XscRNAseq_10kc_CTGTATTAGCAACTTC-1	241	TRUE	FALSE	FALSE
Plac01_H1_H13_10XscRNAseq_10kc_GAGGGATGTGCCTATA-1	241	TRUE	FALSE	FALSE
Plac01_H1_H13_10XscRNAseq_10kc_GATCGTATCCATTCGC-1	239	TRUE	FALSE	FALSE
Plac01_H1_H13_10XscRNAseq_10kc_GCATGATAGACAGCTG-1	239	TRUE	FALSE	FALSE
Plac01_H1_H13_10XscRNAseq_10kc_GCTCAAAAGTAAATGC-1	239	TRUE	FALSE	FALSE
Plac01_H1_H13_10XscRNAseq_10kc_GGAGGATTCTTGCAAG-1	239	TRUE	FALSE	FALSE
Plac01_H1_H13_10XscRNAseq_10kc_GTATTTCAGAGGACTC-1	239	TRUE	FALSE	FALSE
Plac01_H1_H13_10XscRNAseq_10kc_GTCATTTGTATTGAGA-1	239	TRUE	FALSE	FALSE
Plac01_H1_H13_10XscRNAseq_10kc_GTGCAGCTCTCCGATC-1	239	TRUE	FALSE	FALSE
Plac01_H1_H13_10XscRNAseq_10kc_GTTCCGTGTGGACAGT-1	239	TRUE	FALSE	FALSE
Plac01_H1_H13_10XscRNAseq_10kc_GTTTACTTCTTCCAGC-1	239	TRUE	FALSE	FALSE
Plac01_H1_H13_10XscRNAseq_10kc_TAAGCGTTCCACCTGT-1	239	TRUE	FALSE	FALSE
Plac01_H1_H13_10XscRNAseq_10kc_TCATGAGAGCCATTCA-1	239	TRUE	FALSE	FALSE
Plac01_H1_H13_10XscRNAseq_10kc_TCCACGTGTACGTAGG-1	239	TRUE	FALSE	FALSE
Plac01_H1_H13_10XscRNAseq_10kc_TCGACGGTCCAACACA-1	239	TRUE	FALSE	FALSE
Plac01_H1_H13_10XscRNAseq_10kc_TCGGGTGCACAGCTTA-1	241	TRUE	FALSE	FALSE
Plac01_H1_H13_10XscRNAseq_10kc_TGTCCACTCACCTACC-1	239	TRUE	FALSE	FALSE
Plac01_H1_H13_10XscRNAseq_10kc_TTACGTTAGTCTGTAC-1	239	TRUE	FALSE	FALSE
Plac01_H1_H13_10XscRNAseq_10kc_TTCATTGTCTTACTGT-1	241	TRUE	FALSE	FALSE
Plac01_H1_H13_10XscRNAseq_10kc_TTGTTCAAGTGGACTG-1	241	TRUE	FALSE	FALSE
